##FastQC	0.12.1
>>Basic Statistics	pass
#Measure	Value
Filename	test-file1.fastq
File type	Conventional base calls
Encoding	Sanger / Illumina 1.9
Total Sequences	18357
Total Bases	4.1 Mbp
Sequences flagged as poor quality	0
Sequence length	120-2359
%GC	47
>>END_MODULE
>>Per base sequence quality	fail
#Base	Mean	Median	Lower Quartile	Upper Quartile	10th Percentile	90th Percentile
1	5.4524704472408345	5.0	3.0	7.0	3.0	9.0
2	4.817344882061339	4.0	3.0	6.0	2.0	9.0
3	5.810317590020156	5.0	3.0	7.0	3.0	11.0
4	5.785531404913657	5.0	3.0	7.0	3.0	10.0
5	5.519420384594433	4.0	3.0	7.0	2.0	10.0
6	5.376913439015089	4.0	3.0	7.0	2.0	10.0
7	5.862668191970365	4.0	3.0	7.0	2.0	12.0
8	6.672277605273193	5.0	3.0	9.0	2.0	14.0
9	7.5585880045759115	6.0	4.0	10.0	3.0	16.0
10-49	7.768469793539246	6.0	3.6	10.275	2.7	15.725
50-99	13.728712752628422	12.24	6.3	20.04	3.84	25.98
100-149	13.971042262758125	12.42	6.0	20.5	3.98	26.96
150-199	11.594916353044116	9.76	5.3	16.56	3.36	22.88
200-249	10.85165579373379	8.16	4.52	15.48	3.0	23.06
250-299	12.435458778972965	10.36	5.24	18.3	3.1	24.9
300-349	12.474730528376378	10.48	5.38	18.18	3.16	24.74
350-399	13.07645256336797	11.2	5.68	19.0	3.56	25.54
400-449	12.94104931867734	11.1	5.54	18.86	3.42	25.34
450-499	13.028248254092489	11.04	5.56	19.18	3.48	25.58
500-549	13.094438343112637	11.16	5.66	19.22	3.3	25.44
550-599	13.626298246193262	11.78	6.02	19.8	3.8	26.2
600-649	13.189304278494449	11.22	5.82	19.3	3.46	26.04
650-699	12.899508564765457	11.06	5.72	18.78	3.54	24.88
700-749	12.683779275216354	10.5	5.44	18.56	3.44	24.94
750-799	12.781644476690303	10.88	5.74	18.5	3.62	24.84
800-849	12.314934379729223	10.34	5.48	17.46	3.44	23.84
850-899	12.49515263575201	10.56	5.54	18.02	3.42	24.44
900-949	12.964025929723482	11.16	5.66	18.68	3.62	25.06
950-999	12.927855983087625	10.82	5.56	18.96	3.34	25.24
1000-1049	12.984856308407782	10.82	5.44	18.88	3.36	25.62
1050-1099	13.39960566393612	11.32	5.64	19.7	3.34	26.12
1100-1149	13.33619743105674	11.28	5.72	19.44	3.4	25.84
1150-1199	12.979319289243374	10.9	5.72	18.64	3.56	25.14
1200-1249	13.219306333892355	10.98	5.62	19.1	3.56	25.76
1250-1299	13.184045408727265	11.04	5.5	19.18	3.46	25.9
1300-1349	13.209097800730232	10.94	5.62	19.14	3.48	25.76
1350-1399	12.799786754545078	10.74	5.54	18.36	3.36	24.82
1400-1449	12.959789130731693	11.0	5.785714285714286	18.821428571428573	3.4285714285714284	24.964285714285715
1450-1499	12.60230165806227	NaN	NaN	NaN	NaN	NaN
1500-1549	12.222674186011567	NaN	NaN	NaN	NaN	NaN
1550-1599	12.891187326990549	NaN	NaN	NaN	NaN	NaN
1600-1649	12.64864450890922	NaN	NaN	NaN	NaN	NaN
1650-1699	11.711496761444552	NaN	NaN	NaN	NaN	NaN
1700-1749	12.244936671171967	NaN	NaN	NaN	NaN	NaN
1750-1799	10.213333333333333	NaN	NaN	NaN	NaN	NaN
1800-1849	7.02	NaN	NaN	NaN	NaN	NaN
1850-1899	5.36	NaN	NaN	NaN	NaN	NaN
1900-1949	5.78	NaN	NaN	NaN	NaN	NaN
1950-1999	8.1	NaN	NaN	NaN	NaN	NaN
2000-2049	7.36	NaN	NaN	NaN	NaN	NaN
2050-2099	4.86	NaN	NaN	NaN	NaN	NaN
2100-2149	9.78	NaN	NaN	NaN	NaN	NaN
2150-2199	6.98	NaN	NaN	NaN	NaN	NaN
2200-2249	9.26	NaN	NaN	NaN	NaN	NaN
2250-2299	5.66	NaN	NaN	NaN	NaN	NaN
2300-2349	5.7	NaN	NaN	NaN	NaN	NaN
2350-2359	7.5	NaN	NaN	NaN	NaN	NaN
>>END_MODULE
>>Per sequence quality scores	fail
#Quality	Count
4	6.0
5	64.0
6	219.0
7	635.0
8	1318.0
9	2088.0
10	2713.0
11	3024.0
12	2891.0
13	2452.0
14	1623.0
15	846.0
16	324.0
17	124.0
18	25.0
19	3.0
20	2.0
>>END_MODULE
>>Per base sequence content	fail
#Base	G	A	T	C
1	40.80187394454431	2.1735577708775944	9.113689600697281	47.91087868388081
2	32.70142180094787	30.484283924388517	34.613498937734924	2.200795336928692
3	28.46870403660729	15.389224818870186	53.30391676199815	2.8381543825243774
4	31.230593234188593	14.326959742877376	49.73034809609413	4.712098926839898
5	31.524758947540448	19.469412213324617	40.725608759601236	8.280220079533693
6	24.38306912894264	23.871002887182	37.62597374298633	14.119954240889035
7	20.068638666448766	19.64373263605164	24.02353325706815	36.26409544043144
8	15.340197199978208	12.022661654954513	35.68665904014817	36.950482104919104
9	13.749523342594106	8.623413411777523	51.35915454594977	26.2679086996786
10-49	24.776243394890233	19.72680721250749	37.80056654137386	17.696382851228414
50-99	25.482050443972327	18.662199705834286	37.33878084654355	18.516969003649834
100-149	24.158822657047395	22.295234273451335	26.320105381615793	27.225837687885473
150-199	26.11252554953921	34.40910340540993	14.608120868744098	24.87025017630676
200-249	17.18925284643225	24.051146948492647	31.618113613636478	27.141486591438625
250-299	24.00667779632721	22.86668256618173	25.664202241831624	27.462437395659435
300-349	24.73115137346581	22.577440093512564	24.310344827586206	28.381063705435416
350-399	19.847244152315206	26.218191165130538	27.327139867073036	26.607424815481217
400-449	21.555734478439792	25.60833780640544	27.214170692431562	25.62175702272321
450-499	21.121544079290558	27.428273343766303	26.21804903495044	25.232133541992695
500-549	24.82118135671435	22.75034610059991	25.519150899861557	26.90932164282418
550-599	23.59310084351001	23.574216291073903	25.997733853707665	26.83494901170842
600-649	25.164835164835164	22.156593406593405	26.071428571428573	26.607142857142858
650-699	25.17915063739911	22.84076337029494	26.348344270951195	25.631741721354757
700-749	26.291953093408814	24.88475535786494	26.348564496562883	22.474727052163367
750-799	22.47906489881368	25.77634333565946	27.747732030704814	23.996859734822053
800-849	25.69708198239926	27.438628994905052	23.02918017600741	23.835108846688282
850-899	26.995587645407138	27.156036903329323	21.70076213397513	24.147613317288407
900-949	25.54729011689692	27.502656748140275	23.028692879914985	23.921360255047823
950-999	28.666666666666668	26.305084745762713	22.508474576271187	22.519774011299436
1000-1049	27.951284215603522	22.681779814301215	26.890148317858436	22.476787652236826
1050-1099	25.901388711937827	24.678302968531025	28.58962925213403	20.83067906739712
1100-1149	27.558075221238937	29.037610619469028	26.645464601769913	16.758849557522122
1150-1199	29.96821552898441	26.804903889813836	25.518389586801877	17.708490994399877
1200-1249	28.05812839348451	26.413286489939313	25.37527946343021	20.15330565314596
1250-1299	27.568378919279517	25.166777851901266	27.034689793195465	20.23015343562375
1300-1349	27.645228215767638	23.08091286307054	25.224757952973718	24.049100968188107
1350-1399	29.539866526167895	22.146118721461185	22.146118721461185	26.16789603090973
1400-1449	30.50376834589449	24.6330821102737	18.48472828242761	26.378421261404206
1450-1499	28.025835439483295	24.23476551530469	20.58410558831789	27.15529345689413
1500-1549	27.73930753564155	21.792260692464357	22.44399185336049	28.024439918533606
1550-1599	27.685325264750375	20.17145738779627	23.045890065557238	29.097327281896117
1600-1649	29.39801285797779	22.735242548217414	21.507890122735244	26.35885447106955
1650-1699	24.927113702623906	30.53935860058309	18.14868804664723	26.384839650145775
1700-1749	21.523809523809522	30.857142857142854	19.80952380952381	27.80952380952381
1750-1799	16.428571428571427	32.142857142857146	22.142857142857142	29.28571428571429
1800-1849	21.052631578947366	21.052631578947366	36.84210526315789	21.052631578947366
1850-1899	28.000000000000004	22.0	22.0	28.000000000000004
1900-1949	32.0	18.0	26.0	24.0
1950-1999	22.0	16.0	24.0	38.0
2000-2049	32.0	26.0	24.0	18.0
2050-2099	24.0	28.000000000000004	20.0	28.000000000000004
2100-2149	34.0	28.000000000000004	18.0	20.0
2150-2199	26.0	22.0	24.0	28.000000000000004
2200-2249	22.0	26.0	32.0	20.0
2250-2299	18.0	28.000000000000004	22.0	32.0
2300-2349	26.0	26.0	28.000000000000004	20.0
2350-2359	10.0	0.0	70.0	20.0
>>END_MODULE
>>Per sequence GC content	warn
#GC Content	Count
0	0.0
1	0.0
2	0.0
3	0.0
4	0.0
5	0.0
6	0.0
7	0.0
8	0.0
9	0.0
10	0.0
11	0.0
12	0.0
13	0.0
14	0.0
15	0.0
16	0.0
17	0.0
18	0.0
19	0.0
20	0.0
21	0.0
22	0.0
23	0.0
24	0.0
25	0.5
26	0.5
27	1.5
28	2.090909090909091
29	3.5
30	5.0
31	8.0
32	17.5
33	25.833333333333332
34	50.0
35	91.49999999999999
36	123.16666666666664
37	161.3333333333334
38	233.78333333333345
39	318.45000000000005
40	377.75757575757495
41	518.5242424242394
42	659.1318181818198
43	797.5358946609026
44	953.1113997114161
45	1080.1073953824123
46	1198.2803391053437
47	1298.317893217885
48	1214.8225468975472
49	998.4850649350935
50	751.7909090909184
51	510.58773448772735
52	323.9929292929286
53	183.56709956710014
54	97.17413419913403
55	58.12857142857152
56	32.997546897546876
57	17.273268398268396
58	7.726406926406926
59	4.863311688311689
60	2.825
61	1.45
62	0.75
63	0.2
64	0.0
65	0.0
66	0.0
67	0.0
68	0.0
69	0.0
70	0.0
71	0.0
72	0.0
73	0.0
74	0.0
75	0.0
76	0.0
77	0.0
78	0.0
79	0.0
80	0.0
81	0.0
82	0.0
83	0.0
84	0.0
85	0.0
86	0.0
87	0.0
88	0.0
89	0.0
90	0.0
91	0.0
92	0.0
93	0.0
94	0.0
95	0.0
96	0.0
97	0.0
98	0.0
99	0.0
100	0.0
>>END_MODULE
>>Per base N content	pass
#Base	N-Count
1	0.0
2	0.0
3	0.0
4	0.0
5	0.0
6	0.0
7	0.0
8	0.0
9	0.0
10-49	0.0
50-99	0.0
100-149	0.0
150-199	0.0
200-249	0.0
250-299	0.0
300-349	0.0
350-399	0.0
400-449	0.0
450-499	0.0
500-549	0.0
550-599	0.0
600-649	0.0
650-699	0.0
700-749	0.0
750-799	0.0
800-849	0.0
850-899	0.0
900-949	0.0
950-999	0.0
1000-1049	0.0
1050-1099	0.0
1100-1149	0.0
1150-1199	0.0
1200-1249	0.0
1250-1299	0.0
1300-1349	0.0
1350-1399	0.0
1400-1449	0.0
1450-1499	0.0
1500-1549	0.0
1550-1599	0.0
1600-1649	0.0
1650-1699	0.0
1700-1749	0.0
1750-1799	0.0
1800-1849	0.0
1850-1899	0.0
1900-1949	0.0
1950-1999	0.0
2000-2049	0.0
2050-2099	0.0
2100-2149	0.0
2150-2199	0.0
2200-2249	0.0
2250-2299	0.0
2300-2349	0.0
2350-2359	0.0
>>END_MODULE
>>Sequence Length Distribution	warn
#Length	Count
100-149	126.0
150-199	6226.0
200-249	11057.0
250-299	193.0
300-349	142.0
350-399	131.0
400-449	71.0
450-499	49.0
500-549	30.0
550-599	28.0
600-649	28.0
650-699	22.0
700-749	16.0
750-799	17.0
800-849	14.0
850-899	13.0
900-949	11.0
950-999	11.0
1000-1049	11.0
1050-1099	11.0
1100-1149	13.0
1150-1199	8.0
1200-1249	6.0
1250-1299	5.0
1300-1349	3.0
1350-1399	5.0
1400-1449	20.0
1450-1499	33.0
1500-1549	13.0
1550-1599	7.0
1600-1649	5.0
1650-1699	14.0
1700-1749	14.0
1750-1799	2.0
1800-1849	1.0
1850-1899	0.0
1900-1949	0.0
1950-1999	0.0
2000-2049	0.0
2050-2099	0.0
2100-2149	0.0
2150-2199	0.0
2200-2249	0.0
2250-2299	0.0
2300-2349	0.0
2350-2360	1.0
>>END_MODULE
>>Sequence Duplication Levels	pass
#Total Deduplicated Percentage	100.0
#Duplication Level	Percentage of total
1	100.0
2	0.0
3	0.0
4	0.0
5	0.0
6	0.0
7	0.0
8	0.0
9	0.0
>10	0.0
>50	0.0
>100	0.0
>500	0.0
>1k	0.0
>5k	0.0
>10k+	0.0
>>END_MODULE
>>Overrepresented sequences	pass
>>END_MODULE
>>Adapter Content	pass
#Position	Illumina Universal Adapter	Illumina Small RNA 3' Adapter	Illumina Small RNA 5' Adapter	Nextera Transposase Sequence	PolyA	PolyG
1	0.0	0.0	0.0	0.0	0.05992264531241488	0.0
2	0.0	0.0	0.0	0.0	0.09260772457373209	0.0
3	0.0	0.0	0.0	0.0	0.10350275099417117	0.0
4	0.0	0.0	0.0	0.0	0.11439777741461023	0.0
5	0.0	0.0	0.0	0.0	0.11439777741461023	0.0
6	0.0	0.0	0.0	0.0	0.11984529062482976	0.0
7	0.0	0.0	0.0	0.0	0.11984529062482976	0.0
8	0.0	0.0	0.0	0.0	0.11984529062482976	0.0
9	0.0	0.0	0.0	0.0	0.11984529062482976	0.0
10-49	0.0	0.0	0.0	0.0	0.2104101977447296	0.0
50-99	0.0	0.0	0.0	0.0	0.23424306803944003	0.0
100-149	0.0	0.0	0.0	0.0	0.2403442828348858	0.0
150-199	0.0	0.0	0.0	0.0	0.27335621288881634	0.0
200-249	0.0	0.0	0.0	0.0	0.381216974451163	0.0
250-299	0.0	0.0	0.0	0.0	0.40856349076646487	0.0
300-349	0.0	0.0	0.0	0.0	0.40856349076646487	0.0
350-399	0.0	0.0	0.0	0.0	0.40856349076646487	0.0
400-449	0.0	0.0	0.0	0.0	0.40856349076646487	0.0
450-499	0.0	0.0	0.0	0.0	0.40856349076646487	0.0
500-549	0.0	0.0	0.0	0.0	0.40856349076646487	0.0
550-599	0.0	0.0	0.0	0.0	0.40856349076646487	0.0
600-649	0.0	0.0	0.0	0.0	0.40856349076646487	0.0
650-699	0.0	0.0	0.0	0.0	0.40856349076646487	0.0
700-749	0.0	0.0	0.0	0.0	0.40856349076646487	0.0
750-799	0.0	0.0	0.0	0.0	0.40856349076646487	0.0
800-849	0.0	0.0	0.0	0.0	0.40856349076646487	0.0
850-899	0.0	0.0	0.0	0.0	0.40856349076646487	0.0
900-949	0.0	0.0	0.0	0.0	0.40856349076646487	0.0
950-999	0.0	0.0	0.0	0.0	0.40856349076646487	0.0
1000-1049	0.0	0.0	0.0	0.0	0.40856349076646487	0.0
1050-1099	0.0	0.0	0.0	0.0	0.40856349076646487	0.0
1100-1149	0.0	0.0	0.0	0.0	0.40856349076646487	0.0
1150-1199	0.0	0.0	0.0	0.0	0.40856349076646487	0.0
1200-1249	0.0	0.0	0.0	0.0	0.40856349076646487	0.0
1250-1299	0.0	0.0	0.0	0.0	0.40856349076646487	0.0
1300-1349	0.0	0.0	0.0	0.0	0.40856349076646487	0.0
1350-1399	0.0	0.0	0.0	0.0	0.40856349076646487	0.0
1400-1449	0.0	0.0	0.0	0.0	0.40856349076646487	0.0
1450-1499	0.0	0.0	0.0	0.0	0.41128724737157496	0.0
1500-1549	0.0	0.0	0.0	0.0	0.4140110039766847	0.0
1550-1599	0.0	0.0	0.0	0.0	0.4140110039766847	0.0
1600-1649	0.0	0.0	0.0	0.0	0.4140110039766847	0.0
1650-1699	0.0	0.0	0.0	0.0	0.4140110039766847	0.0
1700-1749	0.0	0.0	0.0	0.0	0.4140110039766847	0.0
1750-1799	0.0	0.0	0.0	0.0	0.4140110039766847	0.0
1800-1849	0.0	0.0	0.0	0.0	0.4140110039766847	0.0
1850-1899	0.0	0.0	0.0	0.0	0.4140110039766847	0.0
1900-1949	0.0	0.0	0.0	0.0	0.4140110039766847	0.0
1950-1999	0.0	0.0	0.0	0.0	0.4140110039766847	0.0
2000-2049	0.0	0.0	0.0	0.0	0.4140110039766847	0.0
2050-2099	0.0	0.0	0.0	0.0	0.4140110039766847	0.0
2100-2149	0.0	0.0	0.0	0.0	0.4140110039766847	0.0
2150-2199	0.0	0.0	0.0	0.0	0.4140110039766847	0.0
2200-2249	0.0	0.0	0.0	0.0	0.4140110039766847	0.0
2250-2299	0.0	0.0	0.0	0.0	0.4140110039766847	0.0
2300-2348	0.0	0.0	0.0	0.0	0.41401100397668467	0.0
>>END_MODULE
